<html>
<head><meta charset="utf-8" /></head>
<body>
    <div>                        <script type="text/javascript">window.PlotlyConfig = {MathJaxConfig: 'local'};</script>
        <script charset="utf-8" src="https://cdn.plot.ly/plotly-2.35.2.min.js"></script>                <div id="e304b985-5320-449c-a586-81b8c6fe2241" class="plotly-graph-div" style="height:100%; width:100%;"></div>            <script type="text/javascript">                                    window.PLOTLYENV=window.PLOTLYENV || {};                                    if (document.getElementById("e304b985-5320-449c-a586-81b8c6fe2241")) {                    Plotly.newPlot(                        "e304b985-5320-449c-a586-81b8c6fe2241",                        [{"coloraxis":"coloraxis","name":"0","texttemplate":"%{z}","x":["calories","total_fat","sugar","sodium","protein","saturated_fat","carbohydrates","minutes","n_steps","n_ingredients","average_rating"],"y":["calories","total_fat","sugar","sodium","protein","saturated_fat","carbohydrates","minutes","n_steps","n_ingredients","average_rating"],"z":[[1.0,0.8697608222809592,0.6805427412541672,0.21621298574399428,0.5946116769887071,0.8055065062432331,0.8123019069928507,0.0055087148015768765,0.15271849477248264,0.1334329044770724,-0.013526281599650644],[0.8697608222809592,1.0,0.4025865236155823,0.12246583191514149,0.511670764251691,0.8624957167678341,0.4590264837023181,0.001193793609742018,0.1331781936744635,0.11686732960634687,-0.002951285828045215],[0.6805427412541672,0.4025865236155823,1.0,0.2093209379078114,0.12669448904178238,0.4730404647576891,0.8542334844505431,0.0038723369767740923,0.04407274229955685,0.004844303918995787,-0.010233026264113806],[0.21621298574399428,0.12246583191514149,0.2093209379078114,1.0,0.1773845962031806,0.10772898278446297,0.23129840619790254,0.004318329829115174,0.0227107871260133,0.040857372193848385,-0.0060675733282367665],[0.5946116769887071,0.511670764251691,0.12669448904178238,0.1773845962031806,1.0,0.46221273216579356,0.27055206386914843,0.003268876217760876,0.15340517907447895,0.18837700824695489,-0.015988008470262337],[0.8055065062432331,0.8624957167678341,0.4730404647576891,0.10772898278446297,0.46221273216579356,1.0,0.49552605553110807,0.0025339986381513867,0.14337512793887855,0.09286492379786067,-0.005977000817729346],[0.8123019069928507,0.4590264837023181,0.8542334844505431,0.23129840619790254,0.27055206386914843,0.49552605553110807,1.0,0.006475187906247149,0.10420345061263557,0.07615334940880729,-0.01857815258194153],[0.0055087148015768765,0.001193793609742018,0.0038723369767740923,0.004318329829115174,0.003268876217760876,0.0025339986381513867,0.006475187906247149,1.0,0.011516605056408344,-0.0067060574223594864,0.00196393037826293],[0.15271849477248264,0.1331781936744635,0.04407274229955685,0.0227107871260133,0.15340517907447895,0.14337512793887855,0.10420345061263557,0.011516605056408344,1.0,0.40921376907654367,-0.0018214513463115766],[0.1334329044770724,0.11686732960634687,0.004844303918995787,0.040857372193848385,0.18837700824695489,0.09286492379786067,0.07615334940880729,-0.0067060574223594864,0.40921376907654367,1.0,-0.005697377162577174],[-0.013526281599650644,-0.002951285828045215,-0.010233026264113806,-0.0060675733282367665,-0.015988008470262337,-0.005977000817729346,-0.01857815258194153,0.00196393037826293,-0.0018214513463115766,-0.005697377162577174,1.0]],"type":"heatmap","xaxis":"x","yaxis":"y","hovertemplate":"x: %{x}\u003cbr\u003ey: %{y}\u003cbr\u003ecolor: %{z}\u003cextra\u003e\u003c\u002fextra\u003e"}],                        {"template":{"data":{"histogram2dcontour":[{"type":"histogram2dcontour","colorbar":{"outlinewidth":0,"ticks":""},"colorscale":[[0.0,"#0d0887"],[0.1111111111111111,"#46039f"],[0.2222222222222222,"#7201a8"],[0.3333333333333333,"#9c179e"],[0.4444444444444444,"#bd3786"],[0.5555555555555556,"#d8576b"],[0.6666666666666666,"#ed7953"],[0.7777777777777778,"#fb9f3a"],[0.8888888888888888,"#fdca26"],[1.0,"#f0f921"]]}],"choropleth":[{"type":"choropleth","colorbar":{"outlinewidth":0,"ticks":""}}],"histogram2d":[{"type":"histogram2d","colorbar":{"outlinewidth":0,"ticks":""},"colorscale":[[0.0,"#0d0887"],[0.1111111111111111,"#46039f"],[0.2222222222222222,"#7201a8"],[0.3333333333333333,"#9c179e"],[0.4444444444444444,"#bd3786"],[0.5555555555555556,"#d8576b"],[0.6666666666666666,"#ed7953"],[0.7777777777777778,"#fb9f3a"],[0.8888888888888888,"#fdca26"],[1.0,"#f0f921"]]}],"heatmap":[{"type":"heatmap","colorbar":{"outlinewidth":0,"ticks":""},"colorscale":[[0.0,"#0d0887"],[0.1111111111111111,"#46039f"],[0.2222222222222222,"#7201a8"],[0.3333333333333333,"#9c179e"],[0.4444444444444444,"#bd3786"],[0.5555555555555556,"#d8576b"],[0.6666666666666666,"#ed7953"],[0.7777777777777778,"#fb9f3a"],[0.8888888888888888,"#fdca26"],[1.0,"#f0f921"]]}],"heatmapgl":[{"type":"heatmapgl","colorbar":{"outlinewidth":0,"ticks":""},"colorscale":[[0.0,"#0d0887"],[0.1111111111111111,"#46039f"],[0.2222222222222222,"#7201a8"],[0.3333333333333333,"#9c179e"],[0.4444444444444444,"#bd3786"],[0.5555555555555556,"#d8576b"],[0.6666666666666666,"#ed7953"],[0.7777777777777778,"#fb9f3a"],[0.8888888888888888,"#fdca26"],[1.0,"#f0f921"]]}],"contourcarpet":[{"type":"contourcarpet","colorbar":{"outlinewidth":0,"ticks":""}}],"contour":[{"type":"contour","colorbar":{"outlinewidth":0,"ticks":""},"colorscale":[[0.0,"#0d0887"],[0.1111111111111111,"#46039f"],[0.2222222222222222,"#7201a8"],[0.3333333333333333,"#9c179e"],[0.4444444444444444,"#bd3786"],[0.5555555555555556,"#d8576b"],[0.6666666666666666,"#ed7953"],[0.7777777777777778,"#fb9f3a"],[0.8888888888888888,"#fdca26"],[1.0,"#f0f921"]]}],"surface":[{"type":"surface","colorbar":{"outlinewidth":0,"ticks":""},"colorscale":[[0.0,"#0d0887"],[0.1111111111111111,"#46039f"],[0.2222222222222222,"#7201a8"],[0.3333333333333333,"#9c179e"],[0.4444444444444444,"#bd3786"],[0.5555555555555556,"#d8576b"],[0.6666666666666666,"#ed7953"],[0.7777777777777778,"#fb9f3a"],[0.8888888888888888,"#fdca26"],[1.0,"#f0f921"]]}],"mesh3d":[{"type":"mesh3d","colorbar":{"outlinewidth":0,"ticks":""}}],"scatter":[{"fillpattern":{"fillmode":"overlay","size":10,"solidity":0.2},"type":"scatter"}],"parcoords":[{"type":"parcoords","line":{"colorbar":{"outlinewidth":0,"ticks":""}}}],"scatterpolargl":[{"type":"scatterpolargl","marker":{"colorbar":{"outlinewidth":0,"ticks":""}}}],"bar":[{"error_x":{"color":"#2a3f5f"},"error_y":{"color":"#2a3f5f"},"marker":{"line":{"color":"#E5ECF6","width":0.5},"pattern":{"fillmode":"overlay","size":10,"solidity":0.2}},"type":"bar"}],"scattergeo":[{"type":"scattergeo","marker":{"colorbar":{"outlinewidth":0,"ticks":""}}}],"scatterpolar":[{"type":"scatterpolar","marker":{"colorbar":{"outlinewidth":0,"ticks":""}}}],"histogram":[{"marker":{"pattern":{"fillmode":"overlay","size":10,"solidity":0.2}},"type":"histogram"}],"scattergl":[{"type":"scattergl","marker":{"colorbar":{"outlinewidth":0,"ticks":""}}}],"scatter3d":[{"type":"scatter3d","line":{"colorbar":{"outlinewidth":0,"ticks":""}},"marker":{"colorbar":{"outlinewidth":0,"ticks":""}}}],"scattermapbox":[{"type":"scattermapbox","marker":{"colorbar":{"outlinewidth":0,"ticks":""}}}],"scatterternary":[{"type":"scatterternary","marker":{"colorbar":{"outlinewidth":0,"ticks":""}}}],"scattercarpet":[{"type":"scattercarpet","marker":{"colorbar":{"outlinewidth":0,"ticks":""}}}],"carpet":[{"aaxis":{"endlinecolor":"#2a3f5f","gridcolor":"white","linecolor":"white","minorgridcolor":"white","startlinecolor":"#2a3f5f"},"baxis":{"endlinecolor":"#2a3f5f","gridcolor":"white","linecolor":"white","minorgridcolor":"white","startlinecolor":"#2a3f5f"},"type":"carpet"}],"table":[{"cells":{"fill":{"color":"#EBF0F8"},"line":{"color":"white"}},"header":{"fill":{"color":"#C8D4E3"},"line":{"color":"white"}},"type":"table"}],"barpolar":[{"marker":{"line":{"color":"#E5ECF6","width":0.5},"pattern":{"fillmode":"overlay","size":10,"solidity":0.2}},"type":"barpolar"}],"pie":[{"automargin":true,"type":"pie"}]},"layout":{"autotypenumbers":"strict","colorway":["#636efa","#EF553B","#00cc96","#ab63fa","#FFA15A","#19d3f3","#FF6692","#B6E880","#FF97FF","#FECB52"],"font":{"color":"#2a3f5f"},"hovermode":"closest","hoverlabel":{"align":"left"},"paper_bgcolor":"white","plot_bgcolor":"#E5ECF6","polar":{"bgcolor":"#E5ECF6","angularaxis":{"gridcolor":"white","linecolor":"white","ticks":""},"radialaxis":{"gridcolor":"white","linecolor":"white","ticks":""}},"ternary":{"bgcolor":"#E5ECF6","aaxis":{"gridcolor":"white","linecolor":"white","ticks":""},"baxis":{"gridcolor":"white","linecolor":"white","ticks":""},"caxis":{"gridcolor":"white","linecolor":"white","ticks":""}},"coloraxis":{"colorbar":{"outlinewidth":0,"ticks":""}},"colorscale":{"sequential":[[0.0,"#0d0887"],[0.1111111111111111,"#46039f"],[0.2222222222222222,"#7201a8"],[0.3333333333333333,"#9c179e"],[0.4444444444444444,"#bd3786"],[0.5555555555555556,"#d8576b"],[0.6666666666666666,"#ed7953"],[0.7777777777777778,"#fb9f3a"],[0.8888888888888888,"#fdca26"],[1.0,"#f0f921"]],"sequentialminus":[[0.0,"#0d0887"],[0.1111111111111111,"#46039f"],[0.2222222222222222,"#7201a8"],[0.3333333333333333,"#9c179e"],[0.4444444444444444,"#bd3786"],[0.5555555555555556,"#d8576b"],[0.6666666666666666,"#ed7953"],[0.7777777777777778,"#fb9f3a"],[0.8888888888888888,"#fdca26"],[1.0,"#f0f921"]],"diverging":[[0,"#8e0152"],[0.1,"#c51b7d"],[0.2,"#de77ae"],[0.3,"#f1b6da"],[0.4,"#fde0ef"],[0.5,"#f7f7f7"],[0.6,"#e6f5d0"],[0.7,"#b8e186"],[0.8,"#7fbc41"],[0.9,"#4d9221"],[1,"#276419"]]},"xaxis":{"gridcolor":"white","linecolor":"white","ticks":"","title":{"standoff":15},"zerolinecolor":"white","automargin":true,"zerolinewidth":2},"yaxis":{"gridcolor":"white","linecolor":"white","ticks":"","title":{"standoff":15},"zerolinecolor":"white","automargin":true,"zerolinewidth":2},"scene":{"xaxis":{"backgroundcolor":"#E5ECF6","gridcolor":"white","linecolor":"white","showbackground":true,"ticks":"","zerolinecolor":"white","gridwidth":2},"yaxis":{"backgroundcolor":"#E5ECF6","gridcolor":"white","linecolor":"white","showbackground":true,"ticks":"","zerolinecolor":"white","gridwidth":2},"zaxis":{"backgroundcolor":"#E5ECF6","gridcolor":"white","linecolor":"white","showbackground":true,"ticks":"","zerolinecolor":"white","gridwidth":2}},"shapedefaults":{"line":{"color":"#2a3f5f"}},"annotationdefaults":{"arrowcolor":"#2a3f5f","arrowhead":0,"arrowwidth":1},"geo":{"bgcolor":"white","landcolor":"#E5ECF6","subunitcolor":"white","showland":true,"showlakes":true,"lakecolor":"white"},"title":{"x":0.05},"mapbox":{"style":"light"}}},"xaxis":{"anchor":"y","domain":[0.0,1.0],"scaleanchor":"y","constrain":"domain"},"yaxis":{"anchor":"x","domain":[0.0,1.0],"autorange":true,"constrain":"domain"},"coloraxis":{"colorscale":[[0.0,"rgb(103,0,31)"],[0.1,"rgb(178,24,43)"],[0.2,"rgb(214,96,77)"],[0.3,"rgb(244,165,130)"],[0.4,"rgb(253,219,199)"],[0.5,"rgb(247,247,247)"],[0.6,"rgb(209,229,240)"],[0.7,"rgb(146,197,222)"],[0.8,"rgb(67,147,195)"],[0.9,"rgb(33,102,172)"],[1.0,"rgb(5,48,97)"]]},"title":{"text":"Correlation Matrix of Selected Features and Average Rating"},"margin":{"l":50,"r":50,"t":50,"b":50}},                        {"responsive": true}                    )                };                            </script>        </div>
</body>
</html>